390252
889214
774356
257389
793709
752326
936192
436859
264004
762550
442480
333498
703120
972982
254526
724876
600909
927277
482299
268152
930540
314058
638446
884887
797949
840518
940879
547218
893763
669329
627207
268386
563973
919214
656473
453052
543956
294550
471350
395288
296735
573413
446436
807419
903023
889964
129248
996238
710804
791852
103123
754951
115703
659096
622706
797091
412176
284180
542077
682093
893694
298930
566148
362739
401846
628926
196107
887021
100458
243224
695584
632348
284217
595854
613249
149209
385773
784758
164088
387546
280410
429033
342192
323429
141468
270792
263860
122457
364452
540529
637144
997243
552381
816405
578328
121197
687172
991998
684739
229502
754938
595675
280948
469185
993444
992415
182682
447845
629244
946694
670033
357547
568101
668460
830413
597064
713510
904906
543667
598266
344468
510881
613677
581709
903410
350002
574034
113349
324878
837851
586261
930767
153845
961511
948660
834433
320687
685554
234818
733456
373777
359036
977716
955538
719259
381898
177961
967201
442262
284129
808892
420152
854004
469030
790402
178713
102095
738815
550176
436703
599483
169791
681502
389129
325451
132216
617459
230530
432192
912786
334972
428173
159327
697519
984516
621465
279370
835726
364579
671988
911952
594357
860394
114221
829624
840100
895428
267099
665113
893191
946275
338373
661322
554883
943380
143080
551227
860013
214194
834388
896261
636968
629420
606923
285204
907684
765921
130592
852410
573727
650632
679962
162964
591225
974861
100828
398223
649228
474214
485487
799346
590565
439819
281578
530612
989824
247513
156392
846883
559331
440836
202124
342446
656783
231816
390973
187182
490586
672439
369203
416793
370698
500914
791383
965962
184410
310461
967007
457523
915494
202011
264495
105879
845766
295788
838209
741806
955236
935005
744218
873545
922656
855022
234729
717736
771226
929034
822392
251826
636358
342966
785379
586407
555030
275612
283630
242592
523516
183155
234155
334854
467872
985190
751836
113277
266064
984374
492930
654047
317195
311681
301233
152833
228882
938924
805067
816199
530399
462089
194885
549929
712831
553058
967197
828537
714263
305195
885851
841903
393710
711427
934815
120974
469482
735656
357955
344016
396214
325696
706945
832921
640503
579931
235505
291449
697318
963113
749489
728111
243973
617210
556661
348618
623799
541193
703496
632714
544677
134574
501249
775569
419544
238341
718920
986837
647526
266123
744908
406692
348097
322557
858706
753887
276407
313870
741029
536356
484873
536353
456002
819025
976095
431058
979113
749721
241761
212555
623278
386202
830873
293058
894229
574771
814166
459307
257631
439347
645191
548849
620722
229954
610643
632177
383144
751974
704567
113622
550634
309305
696105
746833
823766
182799
828692
737909
956830
464159
601192
746924
862179
357308
100035
197407
906019
829102
844261
161275
588905
374861
321711
931713
647051
500309
536599
565286
903916
245659
311661
701058
810621
667064
971667
671598
632574
812076
801977
289862
764274
726497
433322
377674
122478
474590
612601
742109
262492
453951
627852
364422
836644
134069
329441
658983
585872
953593
911189
860990
467691
519057
696484
255960
696907
933151
103702
744890
199683
565904
184041
961568
386963
426760
812052
321736
533716
815044
586791
302447
740553
873019
466659
651346
981435
745847
512169
207816
939026
751488
215305
404436
864566
634839
569536
741487
503596
715309
245067
199058
810503
873408
312271
544290
786627
180376
324592
710566
543212
139432
187136
540194
932175
924493
288621
232366
651574
507024
454576
595827
784543
825723
428361
237615
570792
383405
868024
839129
205284
858412
224217
528196
523956
871970
271032
521818
833334
487845
531259
149567
923684
854491
125267
474375
584683
213513
112349
181064
148704
441821
236327
503635
358524
843926
299208
828730
678984
226346
493768
154472
261434
242274
961493
414965
662059
514815
126926
692750
702638
133160
340894
893973
970027
527059
803671
485107
134984
983826
455765
964136
190488
211300
798121
275765
253456
529075
882484
785660
483367
592319
883333
118796
469688
853871
767865
568859
932389
238989
378188
216532
706911
413010
723432
704767
295772
302757
885764
448119
364306
589989
849680
216893
302913
159773
457417
559890
560290
975943
715328
418190
376362
570642
257988
554115
651971
845292
579349
803591
263740
876338
395166
827254
680819
749346
736655
393057
491969
759206
599163
719283
435120
567451
475084
412405
639115
490282
773992
130380
945684
327049
807691
846999
369232
524103
368323
607919
890342
130397
919395
345762
818532
274452
903133
174752
207648
480884
188399
225780
194047
233000
920936
523709
104196
933615
329729
842108
939221
536633
150128
275891
571703
557869
215788
577427
329442
798620
206628
192044
709272
953319
610830
564551
776217
482004
655704
683357
385830
419358
774003
558401
426147
928142
323531
305716
431820
897663
529325
417685
566038
111001
587617
906941
749410
857938
543974
242590
868214
280573
162215
145445
236779
594713
815789
694893
888291
524798
832924
793876
822895
291364
636770
776725
624218
367155
209054
843455
772281
177625
689563
292057
431136
707472
701024
449572
292271
504064
143641
877876
888367
823937
475047
874128
217927
986268
634998
678270
864425
719315
573799
361728
855221
475413
681932
193906
150801
246670
490266
771420
603238
943096
981124
472328
865190
161846
304345
191710
635296
387765
264808
891622
717589
762646
841501
357748
617883
748843
654033
246426
642226
177204
686453
997964
505341
801728
181264
262596
367026
892279
718764
519073
605542
476956
981279
718296
577314
792818
463047
767506
374538
415112
212895
937426
781621
626641
628121
388421
259155
817103
100655
708638
174803
455477
234512
969605
632922
359307
728992
993625
551197
481182
613048
695247
659537
708409
770192
706903
489915
833844
159221
342027
315024
895321
132255
461124
351326
973258
881455
132594
548937
573128
740093
930470
357059
717431
292679
238559
189270
553562
205741
276687
606991
477988
630420
733464
644635
952492
934368
338715
382678
130180
940400
759461
407889
917142
170650
262296
847104
926514
698136
437802
925898
309501
400518
455505
719940
178464
364017
391985
464788
445305
118301
890886
388661
834531
148305
580567
929493
373243
685135
967629
198654
432912
220795
383637
601936
230795
876223
671706
758236
221805
605681
609661
435618
135627
532421
808567
914103
775683
353243
429051
614694
969434
578366
834530
240410
500079
154004
261112
215762
227999
262261
330506
144040
863226
273142
120874
615922
628962
979844
702424
488128
893901
414145
451015
627004
846201
594974
768475
137185
844261
215960
982612
384113
822672
498977
913293
764138
185283
498425
172896
885046
203316
764262
409732
667676
229554
212661
746615
601370
764911
814667
598697
117916
549043
632300
552236
962224
392012
831409
331378
948230
597800
637520
382699
309948
639565
298030
225456
345335
984238
995520
130598
929682
987093
662539
114583
187831
402021
288043
623161
421242
555761
402261
159004
954669
513532
547626
173521
573343
891145
247683
257648
155814
